12, 4
12, 6
24, 8
24, 12
36, 2
36, 9
36, 12
36, 18
48, 2
48, 3
48, 12
48, 16
48, 24
56, 2
56, 4
56, 14
56, 28
60, 2
60, 3
60, 4
60, 15
60, 20
60, 30
72, 3
72, 4
72, 18
72, 24
72, 36
80, 4
80, 5
80, 16
80, 20
80, 40
96, 3
96, 4
96, 6
96, 16
96, 24
96, 32
96, 48
105, 5
105, 7
105, 21
105, 35
108, 4
108, 6
108, 18
108, 27
108, 36
108, 54
112, 4
112, 7
112, 8
112, 28
112, 56
120, 4
120, 5
120, 6
120, 8
120, 30
120, 40
120, 60
132, 4
132, 6
132, 22
132, 33
132, 44
132, 66
144, 6
144, 8
144, 9
144, 36
144, 48
144, 72
160, 5
160, 8
160, 10
160, 32
160, 40
160, 80
